frame_id: "camera"

height: 480
width: 640
distortion_model: "plumb_bob"
D: [-1.065501, 1.263816, 0.026810, 0.005102, 0.000000]
K: [733.334612, 0.000000, 339.596010, 0.000000, 720.086534, 248.791954, 0.000000, 0.000000, 1.000000]
R: [1.000000, 0.000000, 0.000000, 0.000000, 1.000000, 0.000000, 0.000000, 0.000000, 1.000000]
P: [591.241272, 0.000000, 345.677303, 0.000000, 0.000000, 619.329651, 262.745514, 0.000000, 0.000000, 0.000000, 1.000000, 0.000000]
binning_x : 0
binning_y: 0

roi: 
  x_offset: 0
  y_offset: 0
  height: 0
  width: 0
  do_rectify: false
